55ti2
Target=43
SumToZero
(0, 0)
4
{5, 6, 7, 8, 9, 4}
{10, 11, 12, 13, 14}
{15, 16, 17, 18, 19}
{20, 21, 22, 23}
5 5
(1, 0, 0, 0, 0, 0) (1, 1, 0, 0, 0, 0) (1, 1, 0, 0, 0, 0) (1, 1, 0, 0, 0, 0) (1001, 1, 0, -1, 3, 0) (1001, 2, 0, -1, 3, 1) (1, 2, 0, 0, 0, 0) (1, 2, 0, 0, 0, 0) (1, 2, 0, 0, 0, 0) (1, 2, 0, 0, 0, 0) (1, 2, 0, 0, 0, 0) (1, 2, 0, 0, 0, 0) (1, 2, 0, 0, 0, 0) (1, 2, 0, 0, 0, 0) (1001, 2, 0, -1, 3, 2) (1001, 2, 0, -1, 3, 3) (1, 2, 0, 0, 0, 0) (1, 2, 0, 0, 0, 0) (1, 2, 0, 0, 0, 0) (1, 2, 0, 0, 0, 0) (1, 2, 0, 0, 0, 0) (1, 2, 0, 0, 0, 0) (1, 2, 0, 0, 0, 0) (1, 2, 0, 0, 0, 0) (1, 1, 0, 0, 0, 0)